000019
004157
000021
014565
000076
000091
002795
000104
005048
006351
008905
000189
008147
007822
000246
003910
000274
002842
000296
000299
000302
000304
000306
000307
000324
000337
000344
006246
000352
000374
013567
000421
000490
001882
000507
003245
009972
000580
000597
010617
012981
007126
000700
000704
000715
000742
000749
000750
000759
000781
000813
000825
000847
009768
009954
014049
010909
000972
001003
001014
001029
001059
012330
002661
001161
001168
007666
001218
001225
001249
001250
002789
002087
001359
001369
001380
001384
004183
014108
001486
001520
001534
001538
001567
007027
001589
012023
001632
001636
001648
003902
001676
011004
001705
005937
001752
001755
001759
001808
001843
001859
001888
001897
001906
004499
006332
009184
002009
002024
004517
002055
002103
008971
002139
002168
002171
002209
002235
002246
002247
002315
002318
002332
008068
002364
002397
009135
002470
003116
007806
002514
002517
002530
002542
002550
002799
012145
007199
002627
002749
002668
002761
002733
002750
002754
002755
004444
002781
002798
002868
002876
002888
002917
002922
002928
002950
004068
014336
003027
003062
003082
003105
003119
003171
003174
005485
003193
003195
003227
009903
003379
006839
011491
010828
003440
003481
003483
003547
003566
003575
003583
003603
008235
003613
003677
003696
003712
003729
003763
003771
003780
003784
003790
003807
003812
003831
003859
003868
010785
003934
003942
003954
007862
004012
013056
004063
004067
012118
004698
004134
007157
004158
004163
006212
004176
010843
004222
004235
004270
011184
004293
004297
004299
004311
004320
004811
004344
004364
004366
004424
004458
004472
004473
008474
004495
004521
011694
004553
004556
005472
004602
004621
004679
004719
005031
004724
004734
009942
004776
004808
004818
004819
012925
012032
005347
004854
012579
009041
004881
004947
004952
004960
004973
004977
004991
005050
009252
005119
005139
005141
005156
005180
005197
012554
005266
005274
005278
005321
005356
005376
005399
011558
005433
011074
005457
008461
011284
005561
006371
005672
005698
005747
005751
013647
005790
005793
013586
005851
005869
005891
005904
005933
005935
005951
005981
004398
014445
006053
008739
006163
006177
006185
006199
006213
006245
006249
006251
006258
006263
013449
006385
006457
006473
009654
013568
006514
006518
006521
012158
006567
006570
014020
006576
009373
012001
006640
006652
006658
006674
006692
013898
006705
006712
006718
006755
006759
006774
006784
005039
006819
006844
006853
006967
007001
007020
007037
012355
012117
007089
007121
007134
006432
007216
007232
011632
012495
007281
007283
007301
007354
007451
007516
007543
007550
007551
007585
007597
008556
007617
007625
007626
007628
007630
007655
011224
007675
007676
007689
007693
007742
009816
010898
007772
007777
007812
007820
012968
007889
008565
007941
007970
007995
008002
008009
008053
008055
008057
008077
008082
008084
008320
008105
008131
008170
008174
008191
008232
008310
008312
008317
008343
013190
008354
008357
008399
008431
008443
008458
013286
008518
008567
008614
008708
008725
008730
008801
008840
009689
008927
012385
009220
009244
009302
009331
009383
009449
009493
009511
009519
009566
009584
009671
009709
009716
009773
009776
009777
009867
009880
009905
009908
009910
009958
009961
009986
010083
011075
010183
013745
010223
010270
010280
010305
010496
010520
010529
010553
010586
010600
010618
010706
010752
012398
010795
010850
010928
010964
010996
011035
011091
011127
011146
011211
013703
011252
011255
011257
012280
011339
011363
011385
011435
011438
011471
011555
011583
011594
011595
011629
011630
011687
011731
011743
011757
011793
011805
011809
011825
011864
011897
011972
011988
012021
012041
012049
012167
012235
012240
012277
012282
012310
012343
012361
012362
012414
012515
012529
012543
012555
012584
012595
012625
012639
012691
012655
012673
012716
013728
012741
012789
012791
012798
012837
012877
012941
013000
013003
013046
013068
013088
013154
013164
013207
013253
013289
013343
013371
013382
013846
013469
013471
013511
013543
013619
013641
014043
013736
013757
013765
013768
013777
013833
013980
014021
014185
014215
014222
014232
014279
014295
014342
014352
014392
014420
014428
014444
014506
014603
014612
003282
003751
004015
004110
005077
005486
006106
008315
009554
009762
011340
011351
012601
013208
013998
000063
000072
000085
000088
000118
000268
000348
000389
000429
000439
000523
000565
000571
000576
000601
000609
000612
000633
000665
000679
000687
000708
000710
000792
000815
000820
000824
000827
000865
000886
000921
000954
000998
001005
001008
001038
001052
001113
001152
001169
001171
001182
001193
001209
001278
001285
001298
001330
001349
001406
001429
001473
001483
001523
001527
001548
001614
001640
001664
001675
001725
001738
001772
001775
001835
001840
001983
002122
002149
002178
002242
002259
002272
002317
002323
002357
002383
002388
002486
002544
002606
002656
002658
002662
002718
002741
002870
002897
002899
002931
002932
002954
002976
003005
003020
003083
003108
003138
003142
003191
003278
003363
003430
003432
003441
003539
003584
003596
003645
003664
003685
003703
003721
003723
003761
003782
003783
003785
003800
003823
003858
003964
003997
004206
004307
004331
004336
004346
004394
004438
004439
004601
004615
004668
004759
004779
004807
004817
004841
004863
004996
005037
005229
005296
005300
005312
005364
005419
005481
005537
005583
005628
005668
005674
005676
005712
005729
005744
005799
006006
006022
006058
006068
006089
006117
006123
006132
006137
006172
006186
006204
006214
006215
006235
006241
006281
006304
006306
006314
006337
006343
006383
006390
006420
006426
006433
006568
006577
006610
006648
006662
006687
006726
006735
006741
006765
006836
006912
006980
006987
007095
007286
007355
007409
007423
007445
007450
007513
007556
007559
007598
007661
007776
007779
007818
007878
007890
007946
007999
008006
008016
008052
008139
008157
008173
008205
008208
008216
008227
008266
008296
008378
008388
008484
008500
008564
008583
008597
008620
008633
008668
008694
008696
008782
008822
008824
008838
008843
008862
008888
008904
008936
008955
008998
009031
009072
009084
009096
009123
009140
009171
009181
009199
009216
009283
009289
009349
009351
009359
009363
009377
009385
009405
009443
009485
009488
009517
009577
009600
009666
009673
009712
009714
009730
009890
009919
009924
009926
009941
009946
009968
009977
010007
010026
010037
010039
010043
010068
010072
010145
010195
010199
010248
010254
010282
010315
010392
010409
010441
010443
010499
010526
010547
010557
010563
010648
010651
010658
010671
010703
010797
010810
010816
010874
010897
010915
010917
010967
011136
011162
011210
011213
011223
011226
011295
011307
011332
011372
011412
011419
011458
011493
011504
011566
011569
011589
011645
011652
011682
011683
011717
011767
011797
011827
011863
011904
011935
011965
011991
011993
012020
012046
012099
012127
012132
012215
012321
012356
012371
012388
012400
012423
012498
012558
012567
012568
012577
012578
012602
012616
012675
012679
012686
012735
012799
012805
012956
012992
013004
013023
013112
013130
013174
013314
013315
013316
013344
013389
013404
013411
013419
013444
013468
013474
013475
013512
013558
013632
013633
013638
013646
013648
013654
013665
013747
013778
013811
013855
013952
013969
013974
014169
014171
014192
014200
014244
014285
014310
014326
014347
014351
014361
014384
014387
014389
014436
014448
014472
014499
014512
014535
014554
014604
011716
002647
003149
003373
003900
004008
004050
004192
004284
004707
004708
004864
004968
004997
005610
005955
006095
006118
006331
006693
007063
007097
007473
007644
008401
008803
009401
009749
009831
009871
010032
010384
011158
011189
011640
011798
012005
012492
012559
012561
013160
013175
013224
014010
